0 67.3919 67.3919 84.2609 -2.5001 43.6999 20.5999
1 59.6131 36.5131 62.6721 31.5308 71.5412 59.9705
2 35.8611 -4.14929 24.2904 57.113 80.213 83.272
3 2.50009 -43.6999 -20.5999 67.3919 67.3919 84.2609
4 -31.5308 -71.5412 -59.9705 59.6131 36.5131 62.6721
5 -57.113 -80.213 -83.272 35.8611 -4.14928 24.2904
6 -67.3919 -67.3919 -84.2609 2.5001 -43.6999 -20.5999
7 -59.6131 -36.5131 -62.6721 -31.5308 -71.5412 -59.9705
8 -35.8611 4.14931 -24.2904 -57.113 -80.213 -83.272
9 -2.50008 43.6999 20.5999 -67.3919 -67.3919 -84.2609
10 31.5308 71.5412 59.9705 -59.6131 -36.5131 -62.6721
11 57.113 80.213 83.272 -35.8611 4.14932 -24.2904
12 90.3703 90.3703 107.239 5.40059 51.6006 28.5006
13 81.4246 63.7446 88.1695 39.5727 82.256 67.3698
14 60.0827 27.4143 55.6767 67.7203 100.389 95.9826
15 29.5937 -13.0895 14.7076 85.558 103.238 109.983
16 -5.40059 -51.6006 -28.5006 90.3703 90.3703 107.239
17 -39.5727 -82.256 -67.3698 81.4246 63.7446 88.1695
18 -67.7203 -100.389 -95.9826 60.0827 27.4143 55.6767
19 -85.558 -103.238 -109.983 29.5937 -13.0895 14.7076
20 -90.3703 -90.3703 -107.239 -5.4006 -51.6006 -28.5006
21 -81.4246 -63.7446 -88.1695 -39.5727 -82.256 -67.3698
22 -60.0827 -27.4143 -55.6767 -67.7203 -100.389 -95.9826
23 -29.5937 13.0895 -14.7076 -85.558 -103.238 -109.983
24 5.40059 51.6006 28.5006 -90.3703 -90.3703 -107.239
25 39.5727 82.256 67.3698 -81.4246 -63.7446 -88.1695
26 67.7203 100.389 95.9826 -60.0827 -27.4143 -55.6767
27 85.558 103.238 109.983 -29.5937 13.0895 -14.7076
28 112.661 112.661 129.53 12.0698 58.2698 35.1698
29 103.417 89.1407 112.322 46.2933 90.2321 73.4755
30 84.0502 56.8945 84.1197 75.9852 113.362 104.589
31 56.4558 19.0792 47.6829 98.2392 125.395 125.464
32 23.3351 -20.6037 6.57848 110.877 125.153 134.058
33 -12.0698 -58.2698 -35.1698 112.661 112.661 129.53
34 -46.2933 -90.2321 -73.4755 103.417 89.1406 112.322
35 -75.9852 -113.362 -104.589 84.0502 56.8946 84.1197
36 -98.2392 -125.395 -125.464 56.4558 19.0792 47.6828
37 -110.877 -125.153 -134.058 23.3351 -20.6038 6.57846
38 -112.661 -112.661 -129.53 -12.0698 -58.2698 -35.1698
39 -103.417 -89.1407 -112.322 -46.2933 -90.2321 -73.4755
40 -84.0502 -56.8946 -84.1197 -75.9852 -113.362 -104.589
41 -56.4558 -19.0792 -47.6829 -98.2392 -125.395 -125.464
42 -23.3351 20.6037 -6.57852 -110.877 -125.153 -134.058
43 12.0698 58.2698 35.1698 -112.661 -112.661 -129.53
44 46.2933 90.2321 73.4755 -103.417 -89.1407 -112.322
45 75.9852 113.362 104.589 -84.0502 -56.8945 -84.1197
46 98.2392 125.395 125.464 -56.4558 -19.0792 -47.6828
47 110.877 125.153 134.058 -23.3351 20.6037 -6.57851
48 195.298 195.298 235.298 9.05928 51.0593 30.0593
49 186.299 175.429 219.501 59.2975 99.8664 89.9347
50 164.604 143.604 188.745 105.495 141.868 143.681
51 131.691 101.992 145.126 144.503 174.201 187.636
52 89.8036 53.4305 91.617 173.663 194.663 218.804
53 41.7963 1.22745 31.8647 190.988 201.859 235.061
54 -9.05928 -51.0593 -30.0593 195.298 195.298 235.298
55 -59.2975 -99.8664 -89.9347 186.299 175.429 219.501
56 -105.495 -141.868 -143.681 164.604 143.604 188.745
57 -144.503 -174.201 -187.636 131.691 101.992 145.126
58 -173.663 -194.663 -218.804 89.8036 53.4305 91.617
59 -190.988 -201.859 -235.061 41.7963 1.22739 31.8646
60 -195.298 -195.298 -235.298 -9.05931 -51.0593 -30.0593
61 -186.299 -175.429 -219.501 -59.2975 -99.8664 -89.9347
62 -164.604 -143.604 -188.745 -105.495 -141.868 -143.681
63 -131.691 -101.992 -145.126 -144.503 -174.201 -187.636
64 -89.8036 -53.4305 -91.617 -173.663 -194.663 -218.804
65 -41.7963 -1.22745 -31.8647 -190.988 -201.859 -235.061
66 9.05925 51.0593 30.0593 -195.298 -195.298 -235.298
67 59.2975 99.8664 89.9347 -186.299 -175.429 -219.501
68 105.495 141.868 143.681 -164.604 -143.604 -188.745
69 144.503 174.201 187.636 -131.691 -101.992 -145.126
70 173.663 194.663 218.804 -89.8035 -53.4305 -91.617
71 190.988 201.859 235.061 -41.7963 -1.22742 -31.8646
72 246.944 246.944 286.944 -21 21 -1.74846e-06
73 245.914 237.182 280.674 30.8014 71.8836 59.659
74 234.136 217.053 262.136 81.2567 119.626 116.711
75 212.125 187.438 232.143 128.161 162.139 168.661
76 180.844 149.632 192.003 169.463 197.567 213.241
77 141.659 105.285 143.472 203.36 224.36 248.501
78 96.2821 56.3377 88.6706 228.368 241.347 272.9
79 46.6976 4.92771 29.9938 243.396 247.786 285.372
80 -4.92773 -46.6976 -29.9938 247.786 243.396 285.372
81 -56.3377 -96.2821 -88.6706 241.347 228.368 272.9
82 -105.285 -141.659 -143.472 224.36 203.36 248.501
83 -149.632 -180.844 -192.003 197.567 169.463 213.241
84 -187.438 -212.125 -232.143 162.139 128.161 168.661
85 -217.053 -234.136 -262.136 119.626 81.2567 116.711
86 -237.182 -245.914 -280.674 71.8836 30.8014 59.659
87 -246.944 -246.944 -286.944 21 -21 -2.3337e-05
88 -245.914 -237.182 -280.674 -30.8015 -71.8837 -59.659
89 -234.136 -217.053 -262.136 -81.2567 -119.626 -116.711
90 -212.125 -187.438 -232.143 -128.161 -162.139 -168.661
91 -180.844 -149.632 -192.003 -169.463 -197.567 -213.241
92 -141.659 -105.285 -143.472 -203.36 -224.36 -248.501
93 -96.2821 -56.3377 -88.6706 -228.368 -241.347 -272.9
94 -46.6976 -4.92769 -29.9938 -243.396 -247.786 -285.372
95 4.92781 46.6977 29.9939 -247.786 -243.396 -285.372
96 56.3377 96.2821 88.6706 -241.347 -228.368 -272.9
97 105.285 141.659 143.472 -224.36 -203.36 -248.501
98 149.632 180.844 192.003 -197.567 -169.463 -213.241
99 187.438 212.125 232.143 -162.139 -128.161 -168.661
100 217.053 234.136 262.136 -119.626 -81.2567 -116.711
101 237.182 245.914 280.674 -71.8837 -30.8015 -59.659
102 343.888 343.888 383.888 10.7199 52.7199 31.7199
103 338.45 332.19 374.873 61.8541 103.385 88.5812
104 325.45 313.071 357.483 111.607 151.741 143.464
105 305.181 286.958 332.109 158.866 196.707 195.142
106 278.095 254.436 299.315 202.576 237.278 242.46
107 244.796 216.229 259.835 241.762 272.55 284.363
108 206.03 173.193 214.551 275.546 301.733 319.913
109 162.66 126.287 164.474 303.176 324.176 348.317
110 115.658 76.5608 110.723 324.033 339.377 368.94
111 66.0711 25.1242 54.4985 337.652 346.997 381.322
112 15.0088 -26.8738 -2.9433 343.728 346.866 385.185
113 -36.3888 -78.2713 -60.3193 342.125 338.987 380.444
114 -86.9735 -127.92 -116.348 332.881 323.535 367.205
115 -135.615 -174.712 -169.777 316.2 300.856 345.763
116 -181.228 -217.601 -219.414 292.456 271.456 316.597
117 -222.792 -255.629 -264.15 262.179 235.992 280.359
118 -259.379 -287.947 -302.985 226.045 195.257 237.858
119 -290.172 -313.832 -335.052 184.862 150.16 190.044
120 -314.484 -332.707 -359.634 139.549 101.708 137.984
121 -331.77 -344.15 -376.183 91.1191 50.9851 82.8423
122 -341.645 -347.905 -384.328 40.6536 -0.877272 25.8499
123 -343.888 -343.888 -383.888 -10.72 -52.72 -31.72
124 -338.449 -332.19 -374.873 -61.8541 -103.385 -88.5813
125 -325.45 -313.071 -357.483 -111.607 -151.741 -143.464
126 -305.181 -286.958 -332.109 -158.866 -196.707 -195.142
127 -278.095 -254.436 -299.315 -202.576 -237.278 -242.46
128 -244.796 -216.229 -259.835 -241.762 -272.55 -284.363
129 -206.029 -173.193 -214.551 -275.546 -301.733 -319.913
130 -162.66 -126.287 -164.474 -303.176 -324.176 -348.317
131 -115.657 -76.5608 -110.723 -324.033 -339.377 -368.94
132 -66.071 -25.124 -54.4983 -337.652 -346.997 -381.322
133 -15.0087 26.8739 2.94343 -343.728 -346.866 -385.185
134 36.3889 78.2714 60.3194 -342.125 -338.987 -380.444
135 86.9736 127.921 116.348 -332.881 -323.535 -367.205
136 135.615 174.712 169.777 -316.2 -300.856 -345.763
137 181.228 217.601 219.415 -292.456 -271.456 -316.597
138 222.792 255.629 264.15 -262.179 -235.992 -280.359
139 259.379 287.947 302.985 -226.045 -195.257 -237.858
140 290.173 313.832 335.052 -184.862 -150.16 -190.044
141 314.484 332.707 359.634 -139.549 -101.708 -137.984
142 331.77 344.15 376.183 -91.119 -50.9849 -82.8421
143 341.645 347.905 384.328 -40.6535 0.877385 -25.8497
144 393.605 393.605 433.605 10.7379 52.7379 31.7379
145 388.837 383.354 425.753 62.0219 103.663 88.0632
146 377.415 366.544 410.616 112.245 152.813 142.882
147 359.535 343.462 388.454 160.547 199.35 195.256
148 335.503 314.503 359.644 206.102 242.475 244.289
149 305.731 280.163 324.682 248.131 281.452 289.142
150 270.728 241.03 284.163 285.914 315.612 329.047
151 231.093 197.772 238.783 318.805 344.373 363.323
152 187.503 151.13 189.317 346.241 367.241 391.382
153 140.706 101.903 136.612 367.753 383.826 412.745
154 91.5006 50.9317 81.5689 382.973 393.843 427.045
155 40.7298 -0.910924 25.1305 391.64 397.122 434.039
156 -10.7379 -52.7379 -31.7379 393.605 393.605 433.605
157 -62.0219 -103.663 -88.0633 388.837 383.354 425.753
158 -112.245 -152.814 -142.882 377.415 366.544 410.616
159 -160.547 -199.35 -195.256 359.535 343.462 388.454
160 -206.102 -242.475 -244.289 335.503 314.503 359.644
161 -248.131 -281.452 -289.142 305.731 280.163 324.682
162 -285.914 -315.612 -329.047 270.728 241.03 284.163
163 -318.805 -344.373 -363.323 231.093 197.772 238.783
164 -346.241 -367.241 -391.382 187.504 151.13 189.317
165 -367.753 -383.826 -412.745 140.706 101.903 136.612
166 -382.973 -393.843 -427.045 91.5006 50.9317 81.5689
167 -391.64 -397.122 -434.039 40.7298 -0.910894 25.1305
168 -393.605 -393.605 -433.605 -10.7379 -52.7379 -31.7379
169 -388.837 -383.354 -425.753 -62.0218 -103.663 -88.0632
170 -377.415 -366.544 -410.616 -112.245 -152.813 -142.882
171 -359.535 -343.462 -388.454 -160.547 -199.35 -195.256
172 -335.503 -314.503 -359.644 -206.102 -242.475 -244.289
173 -305.731 -280.163 -324.682 -248.131 -281.452 -289.142
174 -270.728 -241.03 -284.163 -285.914 -315.612 -329.047
175 -231.093 -197.772 -238.783 -318.805 -344.373 -363.323
176 -187.503 -151.13 -189.317 -346.241 -367.241 -391.382
177 -140.706 -101.903 -136.612 -367.753 -383.826 -412.745
178 -91.5006 -50.9317 -81.5689 -382.973 -393.843 -427.045
179 -40.7297 0.910959 -25.1304 -391.64 -397.122 -434.039
180 10.7379 52.7379 31.7379 -393.606 -393.605 -433.605
181 62.0219 103.663 88.0633 -388.837 -383.354 -425.753
182 112.245 152.813 142.882 -377.415 -366.544 -410.616
183 160.547 199.35 195.256 -359.535 -343.462 -388.454
184 206.102 242.475 244.289 -335.503 -314.503 -359.644
185 248.131 281.452 289.142 -305.731 -280.163 -324.682
186 285.914 315.612 329.048 -270.728 -241.03 -284.163
187 318.805 344.373 363.323 -231.093 -197.772 -238.783
188 346.241 367.241 391.382 -187.503 -151.13 -189.317
189 367.753 383.826 412.745 -140.706 -101.903 -136.612
190 382.973 393.843 427.045 -91.5005 -50.9317 -81.5689
191 391.64 397.122 434.039 -40.7298 0.910834 -25.1306
